0 0.503846 0.428571 0.202564 0.192857
0 0.505128 0.250000 0.184615 0.164286
0 0.505128 0.094643 0.169231 0.146429
0 0.287179 0.650000 0.235897 0.250000
0 0.107692 0.650000 0.210256 0.250000
0 0.725641 0.653571 0.241026 0.250000
0 0.898718 0.655357 0.202564 0.253571
1 0.498718 0.648214 0.233333 0.260714
2 0.507692 0.094643 0.169231 0.146429
2 0.507692 0.250000 0.184615 0.157143
2 0.503846 0.426786 0.202564 0.196429
3 0.107692 0.650000 0.210256 0.250000
3 0.285897 0.650000 0.233333 0.250000
3 0.729487 0.653571 0.233333 0.250000
3 0.898718 0.655357 0.202564 0.260714
4 0.501282 0.398214 0.997436 0.789286
