1 0.466667 0.566071 0.282051 0.317857
0 0.387179 0.355357 0.256410 0.275000
0 0.320513 0.192857 0.235897 0.228571
0 0.262821 0.069643 0.212821 0.132143
0 0.261538 0.678571 0.287179 0.371429
0 0.094872 0.750000 0.184615 0.357143
0 0.569231 0.773214 0.317949 0.303571
2 0.257692 0.067857 0.212821 0.128571
2 0.315385 0.185714 0.235897 0.228571
2 0.382051 0.348214 0.256410 0.275000
2 0.564103 0.766071 0.317949 0.303571
3 0.256410 0.671429 0.287179 0.371429
3 0.094872 0.742857 0.184615 0.357143
4 0.371795 0.464286 0.738462 0.921429
