1 0.401282 0.457143 0.130769 0.100000
1 0.478205 0.492857 0.130769 0.100000
1 0.575641 0.532143 0.130769 0.100000
1 0.332051 0.514286 0.130769 0.100000
1 0.419231 0.560714 0.130769 0.100000
1 0.512821 0.607143 0.158974 0.121429
1 0.243590 0.600000 0.158974 0.142857
1 0.341026 0.658929 0.174359 0.167857
1 0.441026 0.721429 0.200000 0.228571
0 0.247436 0.776786 0.192308 0.210714
0 0.135897 0.853571 0.241026 0.157143
0 0.261538 0.480357 0.148718 0.103571
0 0.193590 0.437500 0.130769 0.096429
0 0.138462 0.407143 0.128205 0.078571
0 0.091026 0.380357 0.125641 0.067857
0 0.051282 0.351786 0.097436 0.060714
0 0.533333 0.433929 0.128205 0.089286
0 0.574359 0.380357 0.117949 0.060714
0 0.607692 0.341071 0.092308 0.053571
1 0.571795 0.283929 0.092308 0.053571
1 0.639744 0.301786 0.105128 0.060714
1 0.707692 0.326786 0.097436 0.060714
1 0.603846 0.255357 0.074359 0.039286
1 0.656410 0.266071 0.087179 0.039286
1 0.729487 0.287500 0.084615 0.046429
1 0.626923 0.225000 0.084615 0.042857
1 0.678205 0.246429 0.089744 0.050000
1 0.746154 0.264286 0.082051 0.050000
0 0.801282 0.314286 0.094872 0.064286
0 0.878205 0.332143 0.100000 0.071429
0 0.960256 0.358929 0.079487 0.075000
0 0.702564 0.219643 0.087179 0.039286
0 0.732051 0.189286 0.079487 0.050000
0 0.752564 0.160714 0.069231 0.042857
0 0.783333 0.128571 0.064103 0.042857
0 0.801282 0.105357 0.058974 0.032143
2 0.242308 0.769643 0.192308 0.210714
2 0.130769 0.846429 0.241026 0.157143
2 0.528205 0.426786 0.128205 0.089286
2 0.569231 0.373214 0.117949 0.060714
2 0.602564 0.333929 0.092308 0.053571
3 0.796154 0.307143 0.094872 0.064286
3 0.873077 0.325000 0.100000 0.071429
3 0.955128 0.351786 0.079487 0.075000
3 0.256410 0.473214 0.148718 0.103571
3 0.188462 0.430357 0.130769 0.096429
3 0.133333 0.400000 0.128205 0.078571
3 0.085897 0.373214 0.125641 0.067857
3 0.056410 0.358929 0.097436 0.060714
2 0.697436 0.212500 0.087179 0.039286
2 0.726923 0.182143 0.079487 0.050000
2 0.747436 0.153571 0.069231 0.042857
2 0.778205 0.121429 0.064103 0.042857
2 0.796154 0.098214 0.058974 0.032143
4 0.500000 0.503571 0.994872 0.850000
