0 0.586458 0.924219 0.225000 0.110937
1 0.123958 0.541016 0.172917 0.050781
1 0.143750 0.492969 0.172917 0.048438
1 0.167187 0.451562 0.155208 0.039062
1 0.561458 0.492969 0.137500 0.043750
1 0.551562 0.339062 0.109375 0.026562
1 0.859896 0.310156 0.123958 0.025000
1 0.878646 0.335156 0.128125 0.025000
1 0.902083 0.366797 0.139583 0.038281
1 0.544792 0.205469 0.085417 0.014063
1 0.810417 0.226562 0.097917 0.018750
1 0.802083 0.208984 0.087500 0.017969
1 0.791146 0.191406 0.094792 0.017188
1 0.534896 0.047656 0.055208 0.009375
1 0.367188 0.055078 0.057292 0.007031
1 0.369271 0.048047 0.057292 0.007031
1 0.374479 0.041406 0.059375 0.007812
2 0.590625 0.927734 0.239583 0.113281
2 0.578646 0.821484 0.201042 0.097656
2 0.574479 0.731250 0.192708 0.076563
2 0.573438 0.658594 0.171875 0.068750
2 0.564063 0.594531 0.161458 0.060937
2 0.564583 0.539062 0.147917 0.045312
2 0.556771 0.435937 0.126042 0.037500
2 0.554167 0.400391 0.122917 0.035156
2 0.553646 0.367188 0.115625 0.029687
2 0.549479 0.313281 0.103125 0.025000
2 0.548438 0.289453 0.098958 0.022656
2 0.546875 0.267188 0.097917 0.021875
2 0.545833 0.246484 0.091667 0.019531
2 0.544792 0.226172 0.087500 0.021094
2 0.541667 0.181250 0.079167 0.014063
2 0.541667 0.167187 0.077083 0.014063
2 0.540625 0.153516 0.072917 0.013281
2 0.540625 0.140625 0.070833 0.014063
2 0.541146 0.128125 0.065625 0.009375
2 0.538542 0.117969 0.066667 0.010937
2 0.538021 0.107813 0.065625 0.010937
2 0.537500 0.097656 0.064583 0.009375
2 0.536458 0.088281 0.062500 0.010937
2 0.536979 0.078516 0.061458 0.008594
2 0.536458 0.069922 0.058333 0.008594
2 0.534896 0.062500 0.057292 0.006250
2 0.534375 0.056250 0.056250 0.007812
2 0.533854 0.039062 0.053125 0.007812
2 0.533333 0.031641 0.052083 0.008594
2 0.533854 0.023828 0.051042 0.008594
2 0.533854 0.016016 0.048958 0.007031
2 0.532292 0.009375 0.045833 0.007812
3 0.426042 0.048047 0.052083 0.007031
3 0.480729 0.048047 0.053125 0.005469
3 0.629687 0.207813 0.088542 0.017188
3 0.713542 0.208203 0.091667 0.017969
3 0.663021 0.338281 0.115625 0.028125
3 0.767708 0.337500 0.118750 0.028125
3 0.289062 0.492578 0.138542 0.044531
3 0.423438 0.492188 0.136458 0.051562
