1 0.489201 0.442857 0.179266 0.221429
1 0.597192 0.551786 0.192225 0.239286
1 0.559395 0.319643 0.168467 0.196429
1 0.664147 0.403571 0.166307 0.214286
0 0.398488 0.360714 0.170626 0.178571
0 0.309935 0.305357 0.161987 0.175000
0 0.230022 0.248214 0.153348 0.153571
0 0.157667 0.192857 0.146868 0.135714
0 0.101512 0.139286 0.142549 0.135714
0 0.738661 0.632143 0.198704 0.257143
0 0.877970 0.730357 0.196544 0.346429
0 0.370410 0.650000 0.213823 0.307143
0 0.481641 0.773214 0.228942 0.303571
0 0.261339 0.783929 0.215983 0.289286
0 0.644708 0.167857 0.153348 0.142857
0 0.745140 0.232143 0.146868 0.150000
0 0.696544 0.092857 0.123110 0.121429
0 0.787257 0.144643 0.136069 0.125000
0 0.825054 0.075000 0.120950 0.114286
0 0.742981 0.044643 0.116631 0.082143
3 0.097192 0.132143 0.142549 0.135714
3 0.153348 0.185714 0.146868 0.135714
3 0.225702 0.241071 0.153348 0.153571
3 0.305616 0.298214 0.161987 0.175000
3 0.394168 0.353571 0.170626 0.178571
3 0.734341 0.625000 0.198704 0.257143
3 0.873650 0.723214 0.196544 0.346429
2 0.366091 0.642857 0.213823 0.307143
2 0.477322 0.766071 0.228942 0.303571
2 0.257019 0.776786 0.215983 0.289286
2 0.640389 0.160714 0.153348 0.142857
2 0.740821 0.225000 0.146868 0.150000
2 0.692225 0.085714 0.123110 0.121429
2 0.782937 0.137500 0.136069 0.125000
2 0.738661 0.042857 0.116631 0.078571
2 0.820734 0.067857 0.120950 0.114286
4 0.514039 0.466071 0.971922 0.925000
