1 0.361538 0.608929 0.430769 0.275000
1 0.665385 0.553571 0.402564 0.214286
1 0.330769 0.453571 0.282051 0.114286
1 0.550000 0.439286 0.269231 0.100000
0 0.384615 0.357143 0.184615 0.042857
0 0.357692 0.316071 0.146154 0.039286
0 0.332051 0.285714 0.110256 0.028571
0 0.105128 0.541071 0.205128 0.182143
0 0.629487 0.762500 0.505128 0.296429
2 0.624359 0.755357 0.505128 0.296429
2 0.379487 0.350000 0.184615 0.042857
2 0.352564 0.308929 0.146154 0.039286
2 0.326923 0.278571 0.110256 0.028571
3 0.105128 0.533929 0.205128 0.182143
4 0.500000 0.594643 0.994872 0.660714
