1 0.198052 0.725000 0.357143 0.307143
1 0.477273 0.730357 0.305195 0.282143
1 0.765152 0.739286 0.339827 0.271429
0 0.483766 0.523214 0.231602 0.139286
0 0.482684 0.407143 0.177489 0.092857
0 0.480519 0.335714 0.142857 0.064286
0 0.484848 0.283929 0.125541 0.053571
0 0.485931 0.241071 0.110390 0.039286
0 0.484848 0.208929 0.095238 0.032143
0 0.487013 0.180357 0.082251 0.025000
0 0.488095 0.157143 0.075758 0.021429
0 0.487013 0.141071 0.069264 0.017857
2 0.479437 0.516071 0.231602 0.139286
2 0.478355 0.400000 0.177489 0.092857
2 0.476190 0.328571 0.142857 0.064286
2 0.480519 0.276786 0.125541 0.053571
2 0.481602 0.233929 0.110390 0.039286
2 0.480519 0.201786 0.095238 0.032143
2 0.482684 0.173214 0.082251 0.025000
2 0.483766 0.150000 0.075758 0.021429
2 0.482684 0.133929 0.069264 0.017857
4 0.478355 0.498214 0.913420 0.753571
