1 0.712821 0.787500 0.169231 0.089286
1 0.689744 0.705357 0.184615 0.082143
1 0.656410 0.633929 0.153846 0.075000
1 0.637179 0.576786 0.135897 0.060714
1 0.617949 0.525000 0.128205 0.042857
1 0.600000 0.483929 0.117949 0.039286
1 0.588462 0.446429 0.120513 0.042857
1 0.573077 0.410714 0.100000 0.035714
1 0.565385 0.378571 0.100000 0.035714
1 0.552564 0.351786 0.089744 0.025000
1 0.542308 0.328571 0.084615 0.028571
1 0.533333 0.303571 0.076923 0.021429
1 0.526923 0.283929 0.074359 0.017857
1 0.521795 0.266071 0.069231 0.025000
1 0.512821 0.248214 0.066667 0.025000
1 0.507692 0.230357 0.061538 0.017857
